90
871
7423

64 389
-0.997890 0.002441 -0.064877 3.574287
0.002566 0.999995 -0.001845 -0.002502
0.064872 -0.002007 -0.997892 2.356444
0 14
1.000000 0.000000 0.000000 -0.000000
0.000000 1.000000 0.000000 -0.000000
0.000000 0.000000 1.000000 -0.000000
65 398
-0.999450 0.002005 -0.033095 3.578298
0.002044 0.999997 -0.001125 -0.004074
0.033093 -0.001192 -0.999452 2.120465
1 17
0.999982 0.000092 -0.006069 -0.001956
-0.000094 1.000000 -0.000307 -0.000017
0.006069 0.000307 0.999982 0.060754
66 408
-0.999972 0.001532 0.007320 3.578876
0.001523 0.999998 -0.001298 -0.003941
-0.007322 -0.001287 -0.999972 1.857734
2 18
0.999950 0.000081 -0.009992 -0.002965
-0.000079 1.000000 0.000162 0.000847
0.009992 -0.000161 0.999950 0.083477
4 21
0.999825 -0.000087 -0.018700 -0.005540
0.000089 1.000000 0.000091 0.001439
0.018700 -0.000092 0.999825 0.156822
5 23
0.999747 0.000107 -0.022475 -0.007223
-0.000102 1.000000 0.000223 0.001864
0.022475 -0.000221 0.999747 0.210068
6 25
0.999619 0.000243 -0.027604 -0.009124
-0.000244 1.000000 -0.000007 0.000138
0.027604 0.000014 0.999619 0.267385
7 27
0.999386 -0.000076 -0.035023 -0.011341
0.000051 1.000000 -0.000730 0.000027
0.035023 0.000728 0.999386 0.328764
9 31
0.998918 -0.000229 -0.046500 -0.014874
0.000240 1.000000 0.000229 0.002341
0.046500 -0.000240 0.998918 0.458730
10 34
0.998416 -0.000285 -0.056254 -0.017622
0.000304 1.000000 0.000325 0.002093
0.056254 -0.000341 0.998416 0.564270
11 37
0.997804 -0.000367 -0.066228 -0.020591
0.000394 1.000000 0.000401 0.002888
0.066228 -0.000426 0.997804 0.673783
12 40
0.997210 0.000113 -0.074653 -0.022336
-0.000093 1.000000 0.000274 0.000805
0.074653 -0.000266 0.997210 0.787628
13 44
0.996392 -0.000305 -0.084871 -0.025810
0.000338 1.000000 0.000371 0.000835
0.084871 -0.000398 0.996392 0.946191
14 47
0.995758 -0.000609 -0.092012 -0.027451
0.000644 1.000000 0.000349 0.002025
0.092012 -0.000406 0.995758 1.069018
15 50
0.995026 -0.000540 -0.099615 -0.028039
0.000530 1.000000 -0.000123 0.002208
0.099615 0.000070 0.995026 1.193380
16 54
0.994387 0.000189 -0.105800 -0.029887
-0.000213 1.000000 -0.000217 0.000233
0.105800 0.000238 0.994387 1.361806
17 57
0.994029 -0.000125 -0.109119 -0.029218
0.000104 1.000000 -0.000199 -0.000118
0.109119 0.000187 0.994029 1.489430
18 61
0.993450 -0.000228 -0.114268 -0.028181
0.000207 1.000000 -0.000195 0.003446
0.114268 0.000170 0.993450 1.658554
19 65
0.993715 0.000255 -0.111937 -0.026773
-0.000226 1.000000 0.000270 0.000152
0.111937 -0.000243 0.993715 1.826292
20 70
0.994160 0.000663 -0.107911 -0.021582
-0.000673 1.000000 -0.000055 0.000221
0.107911 0.000127 0.994161 2.031314
22 80
0.996795 0.000752 -0.079999 -0.003935
-0.000778 1.000000 -0.000294 0.000420
0.079999 0.000356 0.996795 2.411055
23 86
0.998844 0.000643 -0.048072 0.012391
-0.000656 1.000000 -0.000252 0.000328
0.048072 0.000283 0.998844 2.615453
24 92
0.999986 0.000391 -0.005229 0.033527
-0.000388 1.000000 0.000542 0.001570
0.005229 -0.000540 0.999986 2.792144
25 98
0.998482 0.000747 0.055070 0.059686
-0.000735 1.000000 -0.000246 0.002291
-0.055070 0.000206 0.998482 2.940109
26 105
0.986680 0.000816 0.162669 0.090541
-0.000819 1.000000 -0.000048 0.000581
-0.162669 -0.000086 0.986681 3.100502
28 117
0.916046 0.000308 0.401074 0.149605
-0.000372 1.000000 0.000081 0.003755
-0.401073 -0.000223 0.916046 3.347424
30 133
0.681499 0.000404 0.731819 0.254958
-0.000243 1.000000 -0.000326 0.003559
-0.731819 0.000045 0.681499 3.622193
31 140
0.535965 0.000498 0.844240 0.315418
-0.000622 1.000000 -0.000195 0.002129
-0.844240 -0.000420 0.535965 3.723413
32 149
0.340786 0.000313 0.940141 0.411934
-0.000464 1.000000 -0.000165 0.004476
-0.940141 -0.000380 0.340786 3.836551
33 154
0.235129 0.000709 0.971964 0.476280
-0.000220 1.000000 -0.000676 0.004113
-0.971964 -0.000055 0.235129 3.892046
34 162
0.090495 0.001009 0.995896 0.596590
-0.000479 0.999999 -0.000970 0.002722
-0.995897 -0.000389 0.090496 3.969079
35 169
-0.002602 0.001384 0.999996 0.719940
-0.000268 0.999999 -0.001384 0.001243
-0.999997 -0.000272 -0.002602 4.024013
36 176
-0.057290 0.002625 0.998354 0.864645
0.000018 0.999997 -0.002628 0.001101
-0.998358 -0.000133 -0.057289 4.067921
37 181
-0.081740 0.002132 0.996651 0.983754
-0.000099 0.999998 -0.002148 0.002372
-0.996654 -0.000274 -0.081739 4.092613
38 187
-0.097630 0.002322 0.995220 1.143689
-0.000169 0.999997 -0.002350 -0.000702
-0.995223 -0.000397 -0.097630 4.115839
39 192
-0.099027 0.001864 0.995083 1.290875
0.000073 0.999998 -0.001866 -0.000195
-0.995085 -0.000112 -0.099027 4.130686
40 199
-0.088387 0.001985 0.996084 1.509803
-0.000024 0.999998 -0.001995 0.002261
-0.996086 -0.000200 -0.088386 4.144192
41 204
-0.073443 0.001721 0.997298 1.672420
-0.000095 0.999998 -0.001732 -0.000512
-0.997299 -0.000222 -0.073442 4.150045
42 210
-0.049368 0.001162 0.998780 1.871972
0.000195 0.999999 -0.001154 -0.000736
-0.998781 0.000138 -0.049368 4.150874
43 216
-0.022700 0.001524 0.999741 2.073125
-0.000811 0.999998 -0.001543 -0.001716
-0.999742 -0.000846 -0.022699 4.146646
44 222
0.002571 0.001906 0.999995 2.272480
-0.001114 0.999998 -0.001903 -0.002379
-0.999996 -0.001109 0.002573 4.138468
45 229
0.031538 0.001588 0.999501 2.498298
-0.000546 0.999999 -0.001572 0.001101
-0.999502 -0.000497 0.031539 4.124710
46 235
0.048373 0.001973 0.998827 2.680345
-0.000918 0.999998 -0.001931 -0.003719
-0.998829 -0.000823 0.048375 4.106980
47 242
0.057159 0.002428 0.998362 2.878433
-0.001184 0.999997 -0.002365 -0.000860
-0.998364 -0.001047 0.057162 4.082754
48 248
0.052200 0.002930 0.998632 3.030884
-0.001460 0.999995 -0.002857 -0.002425
-0.998636 -0.001309 0.052204 4.058565
49 257
0.016704 0.003461 0.999854 3.221959
-0.001237 0.999993 -0.003441 -0.002920
-0.999860 -0.001179 0.016708 4.017768
50 263
-0.030000 0.003014 0.999545 3.320931
-0.000723 0.999995 -0.003037 -0.001488
-0.999550 -0.000814 -0.029998 3.988042
51 275
-0.179219 0.001919 0.983807 3.458715
-0.000407 0.999998 -0.002025 -0.005579
-0.983809 -0.000763 -0.179218 3.924533
52 284
-0.326150 0.001998 0.945316 3.522528
-0.000105 0.999998 -0.002150 -0.004699
-0.945318 -0.000800 -0.326150 3.870280
53 299
-0.588483 0.002130 0.808507 3.571736
-0.000087 0.999996 -0.002698 -0.004937
-0.808510 -0.001659 -0.588480 3.764671
55 319
-0.868618 0.002087 0.495478 3.566056
0.001398 0.999997 -0.001761 -0.002259
-0.495480 -0.000837 -0.868619 3.585477
56 326
-0.928799 0.001914 0.370580 3.554811
0.001433 0.999998 -0.001574 -0.005031
-0.370582 -0.000931 -0.928799 3.510741
57 333
-0.967891 0.002155 0.251360 3.544114
0.001964 0.999998 -0.001011 -0.001579
-0.251361 -0.000485 -0.967893 3.427590
58 340
-0.990101 0.001933 0.140342 3.535657
0.001833 0.999998 -0.000840 -0.003324
-0.140343 -0.000574 -0.990103 3.336653
59 347
-0.998776 0.001660 0.049434 3.532139
0.001619 0.999998 -0.000873 -0.004882
-0.049436 -0.000792 -0.998777 3.237269
60 356
-0.999415 0.001973 -0.034141 3.539845
0.001989 0.999998 -0.000431 -0.003076
0.034140 -0.000499 -0.999417 3.096709
61 363
-0.997444 0.002117 -0.071416 3.549225
0.002173 0.999997 -0.000708 -0.004840
0.071414 -0.000862 -0.997446 2.966699
62 371
-0.995832 0.001620 -0.091197 3.557703
0.001716 0.999998 -0.000978 -0.005312
0.091195 -0.001130 -0.995832 2.798295
63 379
-0.995997 0.001751 -0.089371 3.565602
0.001886 0.999997 -0.001425 -0.005418
0.089368 -0.001588 -0.995997 2.609676
67 418
-0.999235 0.001599 0.039064 3.573075
0.001540 0.999998 -0.001555 -0.002746
-0.039067 -0.001493 -0.999235 1.607079
68 429
-0.998486 0.001196 0.055000 3.559919
0.001124 0.999998 -0.001348 -0.003123
-0.055002 -0.001284 -0.998485 1.356084
69 438
-0.999200 0.001275 0.039962 3.541945
0.001228 0.999999 -0.001207 -0.006253
-0.039964 -0.001157 -0.999200 1.179652
70 450
-0.999630 0.001267 -0.027156 3.504366
0.001305 0.999998 -0.001377 -0.003848
0.027154 -0.001412 -0.999630 0.995445
71 460
-0.991688 0.001365 -0.128658 3.471791
0.001548 0.999998 -0.001318 -0.004732
0.128655 -0.001506 -0.991688 0.882639
72 469
-0.970471 0.002070 -0.241210 3.442365
0.002353 0.999997 -0.000887 -0.003787
0.241208 -0.001429 -0.970472 0.802196
73 484
-0.887972 0.001946 -0.459893 3.390655
0.002117 0.999998 0.000144 -0.004657
0.459893 -0.000846 -0.887974 0.702264
74 502
-0.702289 0.001790 -0.711890 3.312184
0.001565 0.999998 0.000971 -0.006182
0.711891 -0.000432 -0.702290 0.627117
75 523
-0.403364 0.001563 -0.915038 3.178464
0.001008 0.999999 0.001264 -0.005988
0.915039 -0.000413 -0.403365 0.578630
76 537
-0.199043 0.001620 -0.979989 3.054094
0.001463 0.999998 0.001356 -0.004916
0.979990 -0.001164 -0.199045 0.554995
77 552
-0.025349 0.001127 -0.999678 2.881206
0.001255 0.999999 0.001096 -0.004046
0.999678 -0.001227 -0.025350 0.526908
78 562
0.049771 0.001296 -0.998760 2.731838
0.001134 0.999998 0.001354 -0.002210
0.998760 -0.001200 0.049770 0.504564
79 572
0.079658 0.001038 -0.996822 2.530050
0.000417 0.999999 0.001074 -0.003281
0.996822 -0.000501 0.079657 0.483542
80 582
0.070644 0.001016 -0.997501 2.278619
0.000598 0.999999 0.001061 -0.003649
0.997501 -0.000672 0.070644 0.467094
81 592
0.037124 0.000612 -0.999310 1.999293
0.000498 1.000000 0.000631 -0.001912
0.999311 -0.000521 0.037124 0.455758
82 606
-0.018882 0.001094 -0.999821 1.596860
-0.000019 0.999999 0.001094 -0.001824
0.999822 0.000040 -0.018882 0.452251
83 618
-0.052173 0.000382 -0.998638 1.266987
0.001091 0.999999 0.000326 -0.000180
0.998637 -0.001073 -0.052173 0.465192
84 650
0.106077 0.000174 -0.994358 0.660938
0.000961 1.000000 0.000277 0.002528
0.994357 -0.000985 0.106077 0.588605
85 685
0.647678 0.000008 -0.761914 0.367381
0.000236 1.000000 0.000211 0.001136
0.761914 -0.000317 0.647678 0.809187
86 716
0.961031 0.000561 -0.276441 0.251712
-0.000343 1.000000 0.000838 0.000144
0.276441 -0.000710 0.961031 1.094123
87 746
0.998787 -0.000097 0.049245 0.180772
0.000081 1.000000 0.000325 0.000813
-0.049245 -0.000321 0.998787 1.493689
88 764
0.992268 0.000055 0.124113 0.157735
-0.000091 1.000000 0.000285 0.000731
-0.124113 -0.000294 0.992268 1.855517
89 775
0.989969 0.000272 0.141284 0.154064
-0.000332 1.000000 0.000404 0.002947
-0.141283 -0.000446 0.989969 2.119419
90 786
0.989927 0.000103 0.141576 0.157977
-0.000121 1.000000 0.000120 0.001943
-0.141576 -0.000136 0.989927 2.402275
91 797
0.991559 -0.000263 0.129656 0.166148
0.000226 1.000000 0.000302 0.003265
-0.129657 -0.000270 0.991559 2.690319
92 809
0.993910 0.000494 0.110192 0.178829
-0.000479 1.000000 -0.000161 0.001742
-0.110192 0.000107 0.993910 2.994502
93 822
0.996766 0.000448 0.080353 0.193467
-0.000419 1.000000 -0.000378 0.000420
-0.080353 0.000343 0.996766 3.291161
94 836
0.998792 0.000329 0.049127 0.208053
-0.000338 1.000000 0.000177 0.002005
-0.049127 -0.000193 0.998793 3.549666
95 853
0.999791 0.000063 0.020443 0.220724
-0.000078 1.000000 0.000718 0.003539
-0.020443 -0.000719 0.999791 3.741667

0
0.000000 0.000000 0.000000 -nan
0.000000 0.000000 0.000000 -nan
-nan 0.000000 0.000000 -nan
1
0.000000 0.000000 0.000000 -nan
0.000000 0.000000 0.000000 -nan
-nan 0.000000 0.000000 -nan
2
0.000000 0.000000 0.000000 -nan
0.000000 0.000000 0.000000 -nan
-nan 0.000000 0.000000 -nan
3
0.000000 0.000000 0.000000 -nan
0.000000 0.000000 0.000000 -nan
-nan 0.000000 0.000000 -nan
4
0.000000 0.000000 0.000000 -nan
0.000000 0.000000 0.000000 -nan
-nan 0.000000 0.000000 -nan
5
0.000000 0.000000 0.000000 -nan
0.000000 0.000000 0.000000 -nan
-nan 0.000000 0.000000 -nan
6
0.000000 0.000000 0.000000 -nan
0.000000 0.000000 0.000000 -nan
-nan 0.000000 0.000000 -nan
7
0.000000 0.000000 0.000000 -nan
0.000000 0.000000 0.000000 -nan
-nan 0.000000 0.000000 -nan
8
0.000000 0.000000 0.000000 -nan
0.000000 0.000000 0.000000 -nan
-nan 0.000000 0.000000 -nan
9
0.000000 0.000000 0.000000 -nan
0.000000 0.000000 0.000000 -nan
-nan 0.000000 0.000000 -nan
10
0.000000 0.000000 0.000000 -nan
0.000000 0.000000 0.000000 -nan
-nan 0.000000 0.000000 -nan
11
0.000000 0.000000 0.000000 -nan
0.000000 0.000000 0.000000 -nan
-nan 0.000000 0.000000 -nan
12
0.000000 0.000000 0.000000 -nan
0.000000 0.000000 0.000000 -nan
-nan 0.000000 0.000000 -nan
13
0.000000 0.000000 0.000000 -nan
0.000000 0.000000 0.000000 -nan
-nan 0.000000 0.000000 -nan
14
0.000000 0.000000 0.000000 -nan
0.000000 0.000000 0.000000 -nan
-nan 0.000000 0.000000 -nan
15
0.000000 0.000000 0.000000 -nan
0.000000 0.000000 0.000000 -nan
-nan 0.000000 0.000000 -nan
16
0.000000 0.000000 0.000000 -nan
0.000000 0.000000 0.000000 -nan
-nan 0.000000 0.000000 -nan
17
0.999977 -0.000029 -0.006713 -0.002745
0.000018 0.999999 -0.001681 -0.000499
0.006713 0.001681 0.999976 0.068273
18
0.999947 -0.000063 -0.010255 -0.003699
0.000046 0.999999 -0.001678 0.000428
0.010255 0.001678 0.999946 0.093161
19
0.999936 0.000119 -0.011335 -0.004461
-0.000136 0.999999 -0.001541 -0.001344
0.011334 0.001543 0.999935 0.117629
20
0.999909 -0.000062 -0.013499 -0.005032
0.000052 1.000000 -0.000706 -0.000465
0.013499 0.000705 0.999909 0.140784
21
0.999844 -0.000171 -0.017687 -0.005978
0.000154 1.000000 -0.000932 0.000811
0.017687 0.000929 0.999843 0.167854
22
0.999832 0.000050 -0.018336 -0.006708
-0.000076 0.999999 -0.001405 -0.000913
0.018336 0.001406 0.999831 0.195657
23
0.999777 0.000052 -0.021126 -0.007574
-0.000044 1.000000 0.000407 0.001474
0.021126 -0.000406 0.999777 0.219245
24
0.999681 0.000074 -0.025271 -0.008837
-0.000074 1.000000 0.000018 -0.000289
0.025271 -0.000016 0.999681 0.248692
25
0.999644 0.000285 -0.026677 -0.009373
-0.000282 1.000000 0.000111 -0.000528
0.026677 -0.000103 0.999644 0.274968
26
0.999513 0.000301 -0.031215 -0.009882
-0.000301 1.000000 0.000002 0.001103
0.031215 0.000008 0.999513 0.305709
27
0.999401 -0.000047 -0.034616 -0.011439
0.000019 1.000000 -0.000793 -0.000507
0.034616 0.000791 0.999400 0.331238
28
0.999311 0.000053 -0.037113 -0.011730
-0.000073 1.000000 -0.000549 0.000479
0.037113 0.000551 0.999311 0.362940
29
0.999134 -0.000247 -0.041615 -0.012933
0.000246 1.000000 -0.000024 0.001780
0.041615 0.000013 0.999134 0.393716
30
0.999081 0.000100 -0.042865 -0.013969
-0.000124 1.000000 -0.000551 -0.000670
0.042865 0.000556 0.999081 0.425438
31
0.998943 -0.000079 -0.045957 -0.014966
0.000078 1.000000 -0.000015 0.001763
0.045957 0.000012 0.998943 0.458629
32
0.998760 0.000333 -0.049775 -0.015418
-0.000360 1.000000 -0.000528 -0.000032
0.049775 0.000545 0.998760 0.493964
33
0.998691 0.000345 -0.051156 -0.015805
-0.000363 1.000000 -0.000327 -0.000006
0.051156 0.000345 0.998691 0.527524
34
0.998429 -0.000275 -0.056032 -0.017681
0.000286 1.000000 0.000185 0.002020
0.056032 -0.000200 0.998429 0.560786
35
0.998239 0.000321 -0.059317 -0.018144
-0.000323 1.000000 -0.000027 -0.000382
0.059317 0.000046 0.998239 0.595814
36
0.998091 0.000108 -0.061754 -0.018784
-0.000090 1.000000 0.000290 0.000547
0.061754 -0.000284 0.998091 0.632212
37
0.997774 -0.000106 -0.066683 -0.020117
0.000119 1.000000 0.000192 0.002471
0.066683 -0.000200 0.997774 0.668043
38
0.997673 0.000353 -0.068176 -0.020378
-0.000362 1.000000 -0.000111 -0.000373
0.068176 0.000135 0.997673 0.705233
39
0.997474 -0.000444 -0.071031 -0.021432
0.000449 1.000000 0.000051 0.002148
0.071031 -0.000083 0.997474 0.743436
40
0.997215 0.000168 -0.074586 -0.022105
-0.000190 1.000000 -0.000294 0.000484
0.074586 0.000308 0.997215 0.782058
41
0.997134 0.000463 -0.075659 -0.022788
-0.000437 1.000000 0.000357 0.000266
0.075659 -0.000323 0.997134 0.819947
42
0.996803 -0.000528 -0.079902 -0.024513
0.000528 1.000000 -0.000022 0.001885
0.079902 -0.000020 0.996803 0.859957
43
0.996582 0.000486 -0.082603 -0.024125
-0.000454 1.000000 0.000400 -0.000379
0.082604 -0.000361 0.996582 0.895523
44
0.996404 -0.000175 -0.084734 -0.025398
0.000201 1.000000 0.000302 0.000935
0.084734 -0.000318 0.996404 0.935946
45
0.996041 -0.000491 -0.088894 -0.025776
0.000487 1.000000 -0.000060 0.002146
0.088894 0.000016 0.996041 0.976437
46
0.995976 0.000188 -0.089620 -0.025825
-0.000180 1.000000 0.000099 -0.000003
0.089620 -0.000082 0.995976 1.017116
47
0.995740 -0.000442 -0.092207 -0.026821
0.000448 1.000000 0.000046 0.002012
0.092207 -0.000087 0.995740 1.054086
48
0.995406 -0.000010 -0.095740 -0.026495
-0.000011 1.000000 -0.000218 0.000511
0.095740 0.000218 0.995406 1.095006
49
0.995362 -0.000029 -0.096198 -0.027414
0.000012 1.000000 -0.000176 -0.000532
0.096198 0.000174 0.995362 1.135124
50
0.995004 -0.000436 -0.099831 -0.028000
0.000391 1.000000 -0.000477 0.002009
0.099831 0.000436 0.995004 1.176996
51
0.994821 -0.000051 -0.101640 -0.028368
-0.000017 1.000000 -0.000674 -0.000564
0.101640 0.000673 0.994821 1.218181
52
0.994691 -0.000043 -0.102904 -0.028914
0.000037 1.000000 -0.000064 0.000718
0.102904 0.000060 0.994691 1.259799
53
0.994368 -0.000330 -0.105978 -0.028686
0.000299 1.000000 -0.000309 0.001525
0.105978 0.000276 0.994368 1.303888
54
0.994395 0.000204 -0.105725 -0.029639
-0.000255 1.000000 -0.000471 -0.000311
0.105725 0.000495 0.994395 1.345679
55
0.994264 -0.000303 -0.106951 -0.028978
0.000285 1.000000 -0.000177 0.002126
0.106951 0.000146 0.994264 1.387939
56
0.993932 0.000008 -0.109996 -0.028775
-0.000058 1.000000 -0.000447 -0.000366
0.109996 0.000451 0.993932 1.429224
57
0.994063 -0.000105 -0.108806 -0.028829
0.000113 1.000000 0.000070 0.000042
0.108806 -0.000082 0.994063 1.470458
58
0.993826 -0.000019 -0.110954 -0.028135
0.000070 1.000000 0.000454 0.001306
0.110954 -0.000459 0.993825 1.512259
59
0.993734 -0.000035 -0.111767 -0.029109
0.000024 1.000000 -0.000100 -0.001274
0.111767 0.000097 0.993734 1.555507
60
0.993696 -0.000190 -0.112109 -0.028688
0.000187 1.000000 -0.000037 0.000253
0.112109 0.000016 0.993696 1.594774
61
0.993470 -0.000287 -0.114094 -0.027357
0.000254 1.000000 -0.000304 0.002730
0.114094 0.000273 0.993470 1.637262
62
0.993630 0.000415 -0.112693 -0.027566
-0.000369 1.000000 0.000432 0.000314
0.112694 -0.000388 0.993630 1.678713
63
0.993596 -0.000511 -0.112993 -0.027647
0.000516 1.000000 0.000015 0.002955
0.112993 -0.000073 0.993596 1.719551
64
0.993427 0.000259 -0.114468 -0.026812
-0.000279 1.000000 -0.000154 0.000349
0.114468 0.000185 0.993427 1.760066
65
0.993690 0.000142 -0.112158 -0.026424
-0.000196 1.000000 -0.000470 -0.000541
0.112158 0.000489 0.993690 1.800813
66
0.993598 0.000092 -0.112976 -0.025450
-0.000123 1.000000 -0.000266 0.002497
0.112976 0.000278 0.993598 1.841441
67
0.993670 0.000819 -0.112338 -0.025030
-0.000863 1.000000 -0.000348 -0.000296
0.112338 0.000443 0.993670 1.881389
68
0.993785 -0.000186 -0.111320 -0.024999
0.000181 1.000000 -0.000061 0.000431
0.111320 0.000040 0.993785 1.918909
69
0.993784 -0.000351 -0.111326 -0.024253
0.000343 1.000000 -0.000093 0.000830
0.111326 0.000054 0.993784 1.958836
70
0.994085 0.000374 -0.108608 -0.022753
-0.000383 1.000000 -0.000062 -0.000357
0.108608 0.000103 0.994085 1.998440
71
0.994245 -0.000232 -0.107126 -0.021669
0.000266 1.000000 0.000303 0.002271
0.107126 -0.000330 0.994245 2.036274
72
0.994339 0.000072 -0.106257 -0.020143
-0.000028 1.000000 0.000423 0.000969
0.106257 -0.000418 0.994339 2.075790
73
0.994744 -0.000070 -0.102396 -0.018663
0.000056 1.000000 -0.000137 0.000342
0.102396 0.000130 0.994744 2.115045
74
0.994845 -0.000293 -0.101411 -0.018770
0.000288 1.000000 -0.000062 0.002089
0.101411 0.000033 0.994845 2.149853
75
0.995123 0.000335 -0.098640 -0.016130
-0.000303 1.000000 0.000340 0.000168
0.098640 -0.000308 0.995123 2.187514
76
0.995447 0.000068 -0.095312 -0.014075
-0.000045 1.000000 0.000238 0.000875
0.095312 -0.000233 0.995447 2.223534
77
0.995614 -0.000006 -0.093551 -0.012632
0.000026 1.000000 0.000211 0.002065
0.093551 -0.000212 0.995614 2.259697
78
0.996051 0.000150 -0.088786 -0.010472
-0.000185 1.000000 -0.000382 -0.000840
0.088786 0.000396 0.996051 2.296836
79
0.996426 0.000403 -0.084467 -0.008412
-0.000393 1.000000 0.000137 0.003046
0.084467 -0.000103 0.996426 2.333762
80
0.996659 0.000192 -0.081675 -0.006202
-0.000202 1.000000 -0.000108 0.000266
0.081675 0.000124 0.996659 2.367253
81
0.997122 0.000311 -0.075809 -0.003997
-0.000313 1.000000 -0.000009 0.000015
0.075809 0.000033 0.997122 2.401834
82
0.997393 0.000024 -0.072158 -0.001984
-0.000064 1.000000 -0.000545 0.001209
0.072158 0.000548 0.997393 2.435621
83
0.997715 0.000584 -0.067555 0.000531
-0.000595 1.000000 -0.000151 -0.001460
0.067555 0.000191 0.997716 2.468371
84
0.998085 0.000760 -0.061850 0.004040
-0.000764 1.000000 -0.000045 0.001844
0.061850 0.000092 0.998085 2.517259
85
0.998355 0.000282 -0.057341 0.006348
-0.000283 1.000000 0.000000 0.002488
0.057341 0.000016 0.998355 2.549079
86
0.998749 0.000251 -0.050002 0.009404
-0.000260 1.000000 -0.000162 -0.000445
0.050002 0.000174 0.998749 2.582600
87
0.999038 0.000071 -0.043846 0.012318
-0.000054 1.000000 0.000387 0.002186
0.043846 -0.000385 0.999038 2.612112
88
0.999275 0.000260 -0.038070 0.015903
-0.000251 1.000000 0.000240 0.000555
0.038070 -0.000230 0.999275 2.642081
89
0.999541 0.000269 -0.030308 0.018798
-0.000253 1.000000 0.000544 0.000659
0.030308 -0.000536 0.999540 2.673157
90
0.999729 -0.000009 -0.023281 0.022618
0.000012 1.000000 0.000137 0.001458
0.023281 -0.000137 0.999729 2.715075
91
0.999871 0.000086 -0.016050 0.026463
-0.000090 1.000000 -0.000256 -0.000111
0.016050 0.000257 0.999871 2.743408
92
0.999973 -0.000359 -0.007323 0.028933
0.000362 1.000000 0.000462 0.000989
0.007323 -0.000465 0.999973 2.770737
93
1.000000 -0.000106 -0.000473 0.033458
0.000106 1.000000 -0.000029 0.002549
0.000473 0.000029 1.000000 2.797122
94
0.999956 -0.000177 0.009329 0.037200
0.000178 1.000000 -0.000146 -0.000824
-0.009329 0.000148 0.999956 2.820665
95
0.999813 0.000143 0.019360 0.042735
-0.000147 1.000000 0.000204 0.002970
-0.019360 -0.000207 0.999813 2.844999
96
0.999574 0.000521 0.029175 0.048791
-0.000510 1.000000 -0.000403 0.000220
-0.029175 0.000388 0.999574 2.876494
97
0.999120 0.000284 0.041953 0.052224
-0.000284 1.000000 -0.000008 -0.000451
-0.041953 -0.000004 0.999120 2.899787
98
0.998591 0.000127 0.053068 0.055847
-0.000114 1.000000 -0.000253 0.000983
-0.053068 0.000247 0.998591 2.923327
99
0.997835 0.000803 0.065769 0.059983
-0.000765 1.000000 -0.000605 -0.001881
-0.065769 0.000553 0.997835 2.946826
100
0.996763 0.000246 0.080395 0.064662
-0.000221 1.000000 -0.000332 0.000020
-0.080395 0.000313 0.996763 2.969550
101
0.995671 -0.000092 0.092948 0.068699
0.000179 1.000000 -0.000926 0.002609
-0.092948 0.000939 0.995670 2.992926
102
0.993820 0.000656 0.111001 0.074582
-0.000534 0.999999 -0.001129 -0.001407
-0.111002 0.001063 0.993820 3.021101
103
0.991888 0.000472 0.127116 0.079669
-0.000375 1.000000 -0.000785 0.001011
-0.127116 0.000731 0.991888 3.043842
104
0.989805 0.000268 0.142432 0.081456
-0.000220 1.000000 -0.000356 -0.000424
-0.142432 0.000321 0.989804 3.066165
105
0.986856 0.000709 0.161601 0.086983
-0.000678 1.000000 -0.000247 -0.000886
-0.161601 0.000134 0.986856 3.088129
106
0.984048 0.000275 0.177905 0.090880
-0.000187 1.000000 -0.000510 0.001401
-0.177905 0.000468 0.984047 3.109458
107
0.980527 0.000988 0.196382 0.095458
-0.000925 0.999999 -0.000411 -0.001199
-0.196382 0.000221 0.980527 3.130950
108
0.976384 0.000697 0.216040 0.099829
-0.000680 1.000000 -0.000156 0.000543
-0.216040 0.000006 0.976385 3.152240
109
0.972236 0.000588 0.234001 0.106071
-0.000568 1.000000 -0.000150 0.001526
-0.234001 0.000013 0.972236 3.177568
110
0.966779 0.000787 0.255613 0.110109
-0.000719 1.000000 -0.000359 -0.000210
-0.255613 0.000163 0.966779 3.198191
111
0.961304 -0.000147 0.275488 0.115172
0.000152 1.000000 0.000003 0.002604
-0.275488 0.000039 0.961304 3.218349
112
0.955545 0.000437 0.294844 0.119835
-0.000353 1.000000 -0.000337 0.001185
-0.294844 0.000218 0.955545 3.239516
113
0.948370 0.000526 0.317165 0.125396
-0.000463 1.000000 -0.000274 -0.000889
-0.317165 0.000113 0.948370 3.258844
114
0.941634 0.000267 0.336638 0.130034
-0.000244 1.000000 -0.000110 0.001908
-0.336638 0.000021 0.941634 3.278647
115
0.933632 0.000589 0.358232 0.134588
-0.000653 1.000000 0.000058 -0.000253
-0.358232 -0.000288 0.933633 3.297868
116
0.924927 0.000155 0.380145 0.140369
-0.000234 1.000000 0.000162 0.000683
-0.380145 -0.000238 0.924927 3.316752
117
0.916130 0.000196 0.400881 0.146775
-0.000212 1.000000 -0.000004 0.003117
-0.400881 -0.000081 0.916130 3.340961
118
0.905490 0.000635 0.424368 0.152447
-0.000658 1.000000 -0.000092 -0.000742
-0.424368 -0.000196 0.905490 3.359230
119
0.895061 -0.000016 0.445945 0.158692
0.000232 1.000000 -0.000430 0.003057
-0.445944 0.000489 0.895060 3.377939
120
0.884330 0.000241 0.466863 0.163869
-0.000193 1.000000 -0.000151 0.000681
-0.466863 0.000044 0.884330 3.396251
121
0.871738 0.000571 0.489972 0.170117
-0.000585 1.000000 -0.000125 0.000575
-0.489972 -0.000178 0.871738 3.414918
122
0.859972 0.000002 0.510341 0.175406
-0.000197 1.000000 0.000329 0.002741
-0.510341 -0.000383 0.859972 3.432677
123
0.846586 0.000334 0.532252 0.181838
-0.000563 1.000000 0.000268 -0.000929
-0.532252 -0.000526 0.846586 3.450400
124
0.832580 0.000118 0.553905 0.187633
-0.000481 1.000000 0.000510 0.001550
-0.553905 -0.000692 0.832580 3.466700
125
0.819173 0.000267 0.573546 0.193757
-0.000212 1.000000 -0.000162 0.002262
-0.573546 0.000011 0.819173 3.485167
126
0.802889 0.000179 0.596129 0.200017
-0.000361 1.000000 0.000185 -0.000088
-0.596128 -0.000363 0.802889 3.501523
127
0.787137 -0.000034 0.616779 0.206356
-0.000203 1.000000 0.000314 0.002892
-0.616779 -0.000372 0.787137 3.517850
128
0.771485 -0.000103 0.636247 0.213181
-0.000184 1.000000 0.000385 0.000382
-0.636247 -0.000414 0.771485 3.533340
129
0.753340 -0.000044 0.657631 0.219892
-0.000736 0.999999 0.000910 0.000006
-0.657631 -0.001170 0.753340 3.549862
130
0.737086 -0.000212 0.675799 0.227735
-0.000283 1.000000 0.000623 0.002148
-0.675799 -0.000651 0.737086 3.565485
131
0.718614 0.000209 0.695409 0.236857
-0.000372 1.000000 0.000084 -0.000970
-0.695409 -0.000319 0.718614 3.590496
132
0.699832 0.000580 0.714307 0.244286
-0.000915 1.000000 0.000085 0.001418
-0.714307 -0.000713 0.699832 3.606176
133
0.681913 0.000477 0.731433 0.252337
-0.000573 1.000000 -0.000119 0.002625
-0.731433 -0.000338 0.681913 3.621862
134
0.661319 0.000559 0.750104 0.260316
-0.000578 1.000000 -0.000236 -0.000211
-0.750104 -0.000277 0.661320 3.636645
135
0.641214 0.000000 0.767362 0.268326
0.000185 1.000000 -0.000155 0.003255
-0.767362 0.000241 0.641214 3.652308
136
0.621985 0.000858 0.783029 0.277676
-0.000379 1.000000 -0.000795 0.001539
-0.783029 0.000198 0.621985 3.666276
137
0.599575 0.000639 0.800318 0.285917
-0.000700 1.000000 -0.000274 0.000127
-0.800318 -0.000396 0.599575 3.680564
138
0.579761 0.000380 0.814786 0.295207
0.000015 1.000000 -0.000477 0.003697
-0.814786 0.000289 0.579761 3.694924
139
0.558525 0.000792 0.829487 0.303994
-0.000395 1.000000 -0.000689 -0.000495
-0.829487 0.000057 0.558525 3.709263
140
0.536465 0.000745 0.843922 0.312539
-0.000656 1.000000 -0.000466 0.001269
-0.843922 -0.000303 0.536465 3.723267
141
0.516522 0.000483 0.856274 0.322131
0.000032 1.000000 -0.000584 0.002784
-0.856274 0.000329 0.516522 3.736400
142
0.493148 0.001074 0.869945 0.332659
-0.000002 0.999999 -0.001234 -0.000301
-0.869945 0.000607 0.493148 3.749783
143
0.470830 0.000528 0.882224 0.342317
0.000071 1.000000 -0.000637 0.003297
-0.882224 0.000363 0.470830 3.763181
144
0.449997 0.000651 0.893030 0.353103
-0.000206 1.000000 -0.000626 0.000429
-0.893030 0.000098 0.449997 3.777367
145
0.425977 0.000640 0.904734 0.363942
-0.000350 1.000000 -0.000542 -0.000020
-0.904734 -0.000086 0.425977 3.790062
146
0.405395 0.000240 0.914141 0.374700
0.000503 1.000000 -0.000486 0.002370
-0.914141 0.000657 0.405395 3.802769
147
0.383625 0.000558 0.923489 0.385789
-0.000366 1.000000 -0.000452 -0.000462
-0.923489 -0.000165 0.383625 3.814218
148
0.360970 0.000758 0.932577 0.397571
-0.000054 1.000000 -0.000793 0.001364
-0.932578 0.000236 0.360970 3.826869
149
0.341204 0.000525 0.939989 0.408081
-0.000159 1.000000 -0.000501 0.003391
-0.939989 0.000021 0.341204 3.837616
150
0.317714 0.000752 0.948186 0.421388
-0.000338 1.000000 -0.000680 -0.000312
-0.948186 -0.000104 0.317714 3.849687
151
0.296330 0.000432 0.955086 0.432602
-0.000283 1.000000 -0.000365 0.002620
-0.955086 -0.000162 0.296330 3.861155
152
0.277212 0.000915 0.960808 0.446252
-0.000308 1.000000 -0.000863 0.001435
-0.960809 -0.000057 0.277212 3.871759
153
0.254480 0.001057 0.967077 0.460360
-0.000184 0.999999 -0.001044 0.000901
-0.967078 0.000087 0.254480 3.882324
154
0.235654 0.000790 0.971837 0.473235
-0.000191 1.000000 -0.000767 0.003414
-0.971837 -0.000005 0.235654 3.892814
155
0.215941 0.001013 0.976406 0.486948
-0.001001 0.999999 -0.000816 0.000433
-0.976406 -0.000801 0.215942 3.902772
156
0.195535 0.001016 0.980696 0.501251
-0.000476 0.999999 -0.000941 0.002597
-0.980697 -0.000283 0.195535 3.912921
157
0.178382 0.001052 0.983961 0.514690
-0.000397 0.999999 -0.000997 0.003589
-0.983961 -0.000212 0.178382 3.922279
158
0.157588 0.001423 0.987504 0.532030
-0.000400 0.999999 -0.001377 0.000451
-0.987505 -0.000178 0.157589 3.934374
159
0.139275 0.001352 0.990253 0.546076
-0.000265 0.999999 -0.001328 0.002663
-0.990254 -0.000078 0.139275 3.943831
160
0.123306 0.001672 0.992367 0.562238
-0.000414 0.999999 -0.001633 0.000599
-0.992369 -0.000209 0.123306 3.953187
161
0.105001 0.001523 0.994471 0.578294
-0.000581 0.999999 -0.001470 0.001074
-0.994472 -0.000424 0.105001 3.961686
162
0.090124 0.001286 0.995930 0.593376
-0.000390 0.999999 -0.001256 0.002031
-0.995930 -0.000275 0.090125 3.971333
163
0.075002 0.001319 0.997183 0.609950
-0.000200 0.999999 -0.001307 -0.000464
-0.997183 -0.000102 0.075002 3.979832
164
0.059968 0.001302 0.998199 0.627334
-0.000365 0.999999 -0.001282 0.001750
-0.998200 -0.000287 0.059969 3.987858
165
0.047519 0.001577 0.998869 0.643202
-0.000228 0.999999 -0.001568 0.003352
-0.998870 -0.000153 0.047519 3.995861
166
0.032650 0.001374 0.999466 0.661784
-0.000295 0.999999 -0.001365 0.000483
-0.999467 -0.000250 0.032650 4.003605
167
0.020157 0.001404 0.999796 0.680229
-0.000229 0.999999 -0.001400 0.003380
-0.999797 -0.000200 0.020158 4.011370
168
0.009709 0.001395 0.999952 0.697509
-0.000379 0.999999 -0.001391 0.000493
-0.999953 -0.000365 0.009709 4.019077
169
-0.002926 0.001271 0.999995 0.717221
-0.000150 0.999999 -0.001272 0.000198
-0.999996 -0.000153 -0.002926 4.025635
170
-0.011136 0.001914 0.999936 0.736688
0.000029 0.999998 -0.001914 0.002352
-0.999938 0.000008 -0.011136 4.032770
171
-0.020156 0.002020 0.999795 0.756042
0.000214 0.999998 -0.002016 -0.000438
-0.999797 0.000173 -0.020156 4.039802
172
-0.029792 0.001948 0.999554 0.777329
0.000125 0.999998 -0.001945 0.000651
-0.999556 0.000067 -0.029793 4.045923
173
-0.035931 0.002445 0.999351 0.798173
0.000394 0.999997 -0.002433 0.001228
-0.999354 0.000306 -0.035932 4.051424
174
-0.045112 0.002449 0.998979 0.819485
0.000619 0.999997 -0.002424 -0.000628
-0.998982 0.000509 -0.045113 4.058431
175
-0.051977 0.002745 0.998645 0.841577
0.000888 0.999996 -0.002702 0.001659
-0.998648 0.000747 -0.051979 4.064779
176
-0.057221 0.003041 0.998357 0.862513
0.000660 0.999995 -0.003008 0.000105
-0.998361 0.000487 -0.057223 4.069241
177
-0.064634 0.002988 0.997905 0.886098
0.000819 0.999995 -0.002942 -0.000018
-0.997909 0.000627 -0.064636 4.074900
178
-0.068976 0.002879 0.997614 0.909434
0.000989 0.999996 -0.002817 0.001333
-0.997618 0.000793 -0.068979 4.080410
179
-0.073730 0.002668 0.997275 0.932628
0.000368 0.999996 -0.002648 -0.001007
-0.997278 0.000172 -0.073730 4.084983
180
-0.078475 0.003129 0.996911 0.958991
0.000655 0.999995 -0.003087 0.000062
-0.996916 0.000411 -0.078477 4.088040
181
-0.081504 0.002346 0.996670 0.982354
0.000294 0.999997 -0.002329 0.002268
-0.996673 0.000103 -0.081504 4.092096
182
-0.086444 0.002941 0.996252 1.008256
0.000581 0.999996 -0.002902 -0.000836
-0.996257 0.000328 -0.086445 4.097143
183
-0.089959 0.002383 0.995943 1.033849
0.000125 0.999997 -0.002382 0.001590
-0.995945 -0.000090 -0.089959 4.100880
184
-0.092180 0.002509 0.995739 1.060245
0.000320 0.999997 -0.002490 -0.000808
-0.995742 0.000089 -0.092181 4.104260
185
-0.095468 0.002382 0.995430 1.086836
0.000282 0.999997 -0.002366 -0.000345
-0.995432 0.000055 -0.095469 4.108648
186
-0.095980 0.003005 0.995379 1.114017
0.000455 0.999995 -0.002975 0.001826
-0.995383 0.000167 -0.095981 4.112333
187
-0.097571 0.003241 0.995223 1.141928
0.000475 0.999995 -0.003210 -0.001531
-0.995228 0.000159 -0.097572 4.115138
188
-0.099302 0.002839 0.995053 1.169986
0.000387 0.999996 -0.002815 -0.000157
-0.995057 0.000106 -0.099303 4.118630
189
-0.098509 0.002130 0.995134 1.197211
0.000441 0.999998 -0.002097 0.001917
-0.995136 0.000232 -0.098509 4.122540
190
-0.100400 0.002872 0.994943 1.228281
0.000306 0.999996 -0.002856 -0.000985
-0.994947 0.000018 -0.100401 4.124681
191
-0.100442 0.003383 0.994937 1.257886
0.000699 0.999994 -0.003330 0.001837
-0.994943 0.000361 -0.100444 4.126854
192
-0.099362 0.002927 0.995047 1.286887
0.001013 0.999995 -0.002841 -0.001772
-0.995051 0.000725 -0.099364 4.129440
193
-0.100148 0.003402 0.994967 1.316684
0.000817 0.999994 -0.003337 -0.001452
-0.994972 0.000478 -0.100150 4.132395
194
-0.097995 0.002320 0.995184 1.347628
0.000857 0.999997 -0.002246 0.001700
-0.995187 0.000633 -0.097997 4.134704
195
-0.096247 0.002926 0.995353 1.378075
0.000929 0.999996 -0.002850 -0.002327
-0.995357 0.000651 -0.096249 4.136710
196
-0.095436 0.003441 0.995430 1.410299
0.000657 0.999994 -0.003394 0.000042
-0.995435 0.000330 -0.095438 4.138817
197
-0.091712 0.003044 0.995781 1.440801
0.001184 0.999995 -0.002948 0.000593
-0.995785 0.000908 -0.091715 4.138306
198
-0.090997 0.003119 0.995846 1.471839
0.000732 0.999995 -0.003065 -0.001562
-0.995851 0.000450 -0.090999 4.140408
199
-0.088714 0.003173 0.996052 1.505971
0.001361 0.999994 -0.003064 0.000178
-0.996056 0.001084 -0.088718 4.141117
200
-0.085174 0.003080 0.996361 1.536599
0.001062 0.999995 -0.003001 -0.002093
-0.996366 0.000802 -0.085177 4.142123
201
-0.083694 0.003100 0.996487 1.568377
0.001135 0.999995 -0.003015 -0.002400
-0.996491 0.000878 -0.083697 4.143424
202
-0.079709 0.002941 0.996814 1.601066
0.001635 0.999995 -0.002820 -0.000826
-0.996817 0.001405 -0.079713 4.144874
203
-0.076743 0.003407 0.997045 1.634629
0.000992 0.999994 -0.003341 -0.002929
-0.997050 0.000733 -0.076746 4.145636
204
-0.073599 0.003036 0.997283 1.667684
0.001006 0.999995 -0.002970 -0.001962
-0.997287 0.000784 -0.073601 4.147089
205
-0.068187 0.002842 0.997669 1.700674
0.001147 0.999996 -0.002770 -0.000006
-0.997672 0.000956 -0.068190 4.147724
206
-0.065838 0.002527 0.997827 1.733359
0.000472 0.999997 -0.002501 -0.003133
-0.997830 0.000307 -0.065839 4.147332
207
-0.062559 0.002438 0.998038 1.765406
0.000870 0.999997 -0.002389 -0.000847
-0.998041 0.000719 -0.062561 4.148680
208
-0.057573 0.003239 0.998336 1.800044
0.000660 0.999995 -0.003206 -0.002612
-0.998341 0.000474 -0.057575 4.149132
209
-0.055464 0.002291 0.998458 1.834244
0.000706 0.999997 -0.002255 -0.003918
-0.998460 0.000580 -0.055466 4.148054
210
-0.049141 0.001601 0.998791 1.865746
0.001422 0.999998 -0.001533 -0.003443
-0.998791 0.001345 -0.049143 4.148351
211
-0.044745 0.002390 0.998996 1.899986
0.000589 0.999997 -0.002366 -0.005070
-0.998998 0.000482 -0.044746 4.146516
212
-0.041591 0.002029 0.999133 1.933858
0.001287 0.999997 -0.001977 -0.005152
-0.999134 0.001203 -0.041594 4.147593
213
-0.035638 0.002190 0.999362 1.966252
0.001120 0.999997 -0.002152 -0.003038
-0.999364 0.001042 -0.035640 4.147353
214
-0.032754 0.003023 0.999459 2.001891
0.000864 0.999995 -0.002996 -0.004265
-0.999463 0.000765 -0.032757 4.145758
215
-0.028672 0.002892 0.999585 2.039174
0.000985 0.999995 -0.002865 -0.000710
-0.999588 0.000903 -0.028674 4.144515
216
-0.023076 0.002400 0.999731 2.070431
0.000309 0.999997 -0.002393 -0.004338
-0.999734 0.000253 -0.023076 4.142114
217
-0.020601 0.002840 0.999784 2.104215
0.000400 0.999996 -0.002833 -0.004724
-0.999788 0.000342 -0.020602 4.141939
218
-0.014697 0.002649 0.999888 2.139171
0.000432 0.999996 -0.002643 -0.002111
-0.999892 0.000393 -0.014698 4.140305
219
-0.010267 0.002726 0.999944 2.171505
-0.000248 0.999996 -0.002728 -0.005607
-0.999947 -0.000276 -0.010266 4.138499
220
-0.006510 0.002355 0.999976 2.205091
0.000104 0.999997 -0.002355 -0.003262
-0.999979 0.000088 -0.006510 4.137086
221
-0.000037 0.002064 0.999998 2.236884
0.000062 0.999998 -0.002064 -0.000930
-1.000000 0.000062 -0.000038 4.137040
222
0.002588 0.002757 0.999993 2.269144
-0.000321 0.999996 -0.002756 -0.003950
-0.999997 -0.000314 0.002588 4.135147
223
0.006498 0.002077 0.999977 2.302252
0.000231 0.999998 -0.002078 -0.001555
-0.999979 0.000245 0.006498 4.133232
224
0.011964 0.002024 0.999926 2.335000
-0.000362 0.999998 -0.002020 -0.002904
-0.999928 -0.000338 0.011965 4.130472
225
0.014400 0.002415 0.999893 2.366807
-0.000296 0.999997 -0.002411 -0.003623
-0.999896 -0.000261 0.014400 4.129018
226
0.019371 0.002433 0.999809 2.399702
-0.000227 0.999997 -0.002429 -0.000017
-0.999812 -0.000180 0.019372 4.127517
227
0.023659 0.002669 0.999717 2.431329
-0.000450 0.999996 -0.002659 -0.004070
-0.999720 -0.000387 0.023660 4.125104
228
0.026507 0.002601 0.999645 2.463019
-0.000752 0.999996 -0.002582 -0.001559
-0.999648 -0.000684 0.026509 4.123303
229
0.031508 0.001983 0.999502 2.494848
-0.000005 0.999998 -0.001984 -0.000086
-0.999504 0.000058 0.031508 4.121559
230
0.033499 0.001961 0.999437 2.525776
-0.000427 0.999998 -0.001948 -0.003762
-0.999439 -0.000361 0.033500 4.117827
231
0.036813 0.002111 0.999320 2.557287
-0.000034 0.999998 -0.002111 -0.000442
-0.999322 0.000044 0.036813 4.115442
232
0.040571 0.001964 0.999175 2.587710
-0.000317 0.999998 -0.001953 -0.002704
-0.999177 -0.000237 0.040571 4.112556
233
0.041829 0.001816 0.999123 2.617022
-0.000267 0.999998 -0.001807 -0.003651
-0.999125 -0.000191 0.041829 4.109140
234
0.046010 0.001694 0.998940 2.646077
0.000333 0.999998 -0.001712 -0.001427
-0.998941 0.000411 0.046009 4.108058
235
0.047764 0.002856 0.998855 2.680456
-0.000101 0.999996 -0.002854 -0.005284
-0.998859 0.000036 0.047764 4.105947
236
0.049210 0.003187 0.998783 2.709517
-0.000268 0.999995 -0.003178 -0.003607
-0.998788 -0.000111 0.049211 4.102994
237
0.052937 0.003006 0.998593 2.740262
0.000125 0.999995 -0.003017 -0.002132
-0.998598 0.000285 0.052937 4.099630
238
0.053096 0.003442 0.998583 2.768679
-0.000433 0.999994 -0.003423 -0.005138
-0.998589 -0.000250 0.053097 4.096206
239
0.054072 0.002783 0.998533 2.795819
-0.000588 0.999996 -0.002756 -0.001277
-0.998537 -0.000438 0.054074 4.093173
240
0.055585 0.003726 0.998447 2.828760
-0.000556 0.999993 -0.003701 -0.003481
-0.998454 -0.000350 0.055587 4.090564
241
0.054561 0.003253 0.998505 2.854843
-0.000787 0.999995 -0.003215 -0.003352
-0.998510 -0.000610 0.054563 4.086189
242
0.055411 0.003410 0.998458 2.882987
-0.000412 0.999994 -0.003392 -0.001513
-0.998464 -0.000223 0.055412 4.083114
243
0.056274 0.003271 0.998410 2.908159
-0.001262 0.999994 -0.003205 -0.004398
-0.998415 -0.001080 0.056278 4.078050
244
0.055120 0.003435 0.998474 2.935548
-0.000966 0.999994 -0.003387 -0.003336
-0.998479 -0.000778 0.055123 4.073868
245
0.055566 0.003668 0.998448 2.962231
-0.000665 0.999993 -0.003637 -0.001470
-0.998455 -0.000462 0.055568 4.071033
246
0.053202 0.003709 0.998577 2.986815
-0.000893 0.999993 -0.003667 -0.003811
-0.998583 -0.000697 0.053205 4.066402
247
0.051402 0.003747 0.998671 3.011404
-0.000230 0.999993 -0.003740 -0.002048
-0.998678 -0.000038 0.051402 4.062924
248
0.051259 0.004031 0.998677 3.033941
-0.001141 0.999991 -0.003978 -0.003261
-0.998685 -0.000936 0.051263 4.059294
249
0.047671 0.004259 0.998854 3.056755
-0.001041 0.999991 -0.004214 -0.003837
-0.998863 -0.000839 0.047675 4.055418
250
0.045882 0.003864 0.998939 3.079649
-0.000955 0.999992 -0.003824 -0.002612
-0.998946 -0.000778 0.045885 4.051621
251
0.043168 0.004228 0.999059 3.102074
-0.001060 0.999991 -0.004186 -0.004458
-0.999067 -0.000878 0.043172 4.046733
252
0.039414 0.004247 0.999214 3.123666
-0.001082 0.999991 -0.004208 -0.003527
-0.999222 -0.000915 0.039418 4.042205
253
0.036607 0.004173 0.999321 3.144768
-0.000679 0.999991 -0.004151 -0.002040
-0.999330 -0.000526 0.036609 4.038914
254
0.032946 0.003612 0.999451 3.162234
-0.000507 0.999993 -0.003597 -0.004945
-0.999457 -0.000388 0.032948 4.033676
255
0.027813 0.003705 0.999606 3.181894
